665409509
832349049
1246213303
896466896
1275842734
500208045
896466896
624639316
1030589031
650784037
5907563850
1007927651
596117694
1144169680
892852019
1062518447
1048404038
905731324
798467368
1761559582
575819230
622697875
5575921855
1049232989
1349425388
969004647
696904770
1659689618
486257768
5505840938
863590284
426506844
829107938
1907314041
1895581974
820647326
1000956905
1366396290
601685496
1388167509
628490032
1992643863
1045813164
940830730
883848570
941468069
1472630662
445834667
937149708
955056138
1381504112
803972645
6745986812
664897320
651364550
1689254499
874129065
1516658769
874129065
860656200
628490032
2095644705
944157867
761326021
668646114
1730534777
1730534777
491358988
759863815
5204280800
484822943
1119836892
892852019
5341806708
332682695
332682695
1204960226
661350873
940830730
865448135
426506844
332682695
1074125110
1118454496
1354547099
1793264726
851879492
1127015641
1072311499
863590284
1018135194
777966958
5841903210
423299099
853680946
766356463
1118454496
